000000000000000000000000000100000000000000000000000000000000
000000000000000000000000001110000000000000000000000000000000
000000000000000000000000001110000000000100000000000000000000
000000000000000000000000001110000001100000000000000000000000
000000000000000000000001101110110001110100000000000000000000
000000000000000000000011111110110001111100000000000000000000
000000000000000000000011111111110001110110000000000000000000
000000000000000000111111111111111111111111110000000000000111
000000000000111110111111111111111111111111100011111000000110
111111011001111110111111111111111111111111111011111000000110
111111111111111111111111111111111111111111111111111111111111
011111111111111111111111111111111111111111111111111111111111
011111111111111111111111111111111111111111111111111111111110
